(0 367 379 33 -1)
(0 208 832 33 -1)
(0 99 602 43 -1)
(0 281 980 43 -1)
(0 855 38 43 -1)
(0 25 943 33 -1)
(0 752 685 33 -1)
(0 48 87 33 -1)
(0 361 166 33 -1)
(0 117 757 43 -1)
(0 91 342 33 -1)
(0 722 237 33 -1)
(0 393 552 33 -1)
(0 484 922 33 -1)
(0 241 248 33 -1)
(0 826 313 43 -1)
(0 481 757 43 -1)
(0 184 325 33 -1)
(0 899 266 43 -1)
(0 832 142 33 -1)
(0 887 552 33 -1)
(0 736 947 43 -1)
(0 360 699 43 -1)
(0 994 829 33 -1)
(0 581 66 33 -1)
(0 44 53 33 -1)
(0 511 764 33 -1)
(0 462 436 33 -1)
(0 594 899 33 -1)
(0 402 265 43 -1)
(0 82 170 43 -1)
(0 779 654 43 -1)
(0 578 965 33 -1)
(0 204 812 33 -1)
(0 633 161 33 -1)
(0 530 329 33 -1)
(0 501 886 33 -1)
(0 827 332 33 -1)
(0 361 125 33 -1)
(0 824 497 43 -1)
(0 762 616 33 -1)
(0 377 244 43 -1)
(0 909 733 33 -1)
(0 503 625 33 -1)
(0 787 398 33 -1)
(0 139 58 33 -1)
(0 479 756 33 -1)
(0 256 735 33 -1)
(0 528 791 33 -1)
(0 9 895 33 -1)
(0 611 575 33 -1)
(0 812 244 33 -1)
(0 946 706 33 -1)
(0 341 794 33 -1)
(0 529 31 33 -1)
(0 376 818 33 -1)
(0 321 943 33 -1)
(0 67 56 33 -1)
(0 761 511 33 -1)
(0 696 957 33 -1)
(0 68 301 43 -1)
(0 65 608 33 -1)
(0 809 145 33 -1)
(0 788 434 33 -1)
(0 849 480 33 -1)
(0 255 27 33 -1)
(0 978 60 33 -1)
(0 798 521 33 -1)
(0 734 324 33 -1)
(0 379 763 33 -1)
(0 850 214 43 -1)
(0 299 81 33 -1)
(0 848 507 33 -1)
(0 498 650 43 -1)
(0 428 110 33 -1)
(0 59 281 33 -1)
(0 797 11 33 -1)
(0 399 361 33 -1)
(0 331 514 33 -1)
(0 94 330 33 -1)
(0 263 883 33 -1)
(0 558 396 33 -1)
(0 112 469 33 -1)
(0 37 505 43 -1)
(0 310 676 33 -1)
(0 917 187 33 -1)
(0 944 755 33 -1)
(0 654 699 33 -1)
(0 979 778 43 -1)
(0 91 152 33 -1)
(0 290 908 33 -1)
(0 385 768 43 -1)
(0 839 60 43 -1)
(0 331 677 33 -1)
(0 352 639 33 -1)
(0 256 977 33 -1)
(0 221 892 43 -1)
(0 377 899 33 -1)
(0 35 694 33 -1)
(0 811 281 33 -1)
(0 474 823 33 -1)
(0 676 765 33 -1)
(0 12 285 33 -1)
(0 256 635 33 -1)
(0 803 524 43 -1)
(0 557 697 33 -1)
(0 47 224 43 -1)
(0 319 403 33 -1)
(0 355 129 33 -1)
(0 428 506 33 -1)
(0 6 21 33 -1)
(0 410 774 33 -1)
(0 389 944 33 -1)
(0 209 234 33 -1)
(0 799 18 33 -1)
(0 507 454 33 -1)
(0 691 675 43 -1)
(0 247 452 33 -1)
(0 728 670 43 -1)
(0 398 918 33 -1)
(0 740 632 33 -1)
(0 785 491 33 -1)
(0 926 60 33 -1)
(0 910 316 43 -1)
(0 809 931 33 -1)
(0 586 412 33 -1)
(0 720 941 43 -1)
(0 895 304 33 -1)
(0 305 994 33 -1)
(0 973 807 33 -1)
(0 569 235 43 -1)
(0 987 847 33 -1)
(0 404 465 33 -1)
(0 397 248 33 -1)
(0 934 751 33 -1)
(0 155 753 33 -1)
(0 514 606 33 -1)
(0 566 89 33 -1)
(0 801 376 43 -1)
(0 652 66 33 -1)
(0 162 437 33 -1)
(0 36 482 33 -1)
(0 142 115 33 -1)
(0 752 849 43 -1)
(0 489 987 33 -1)
(0 921 150 33 -1)
(0 249 372 43 -1)
(0 234 787 43 -1)
